ius2008 <- structure(list(gender = structure(c(1L, 1L, 1L, 1L, 1L, 1L, 1L,
1L, 1L, 1L, 1L, 1L, 1L, 1L, 1L, 1L, 1L, 1L, 1L, 1L, 1L, 1L, 1L,
1L, 1L, 1L, 1L, 1L, 1L, 1L, 1L, 1L, 1L, 1L, 1L, 1L, 1L, 1L, 1L,
1L, 1L, 1L, 1L, 1L, 1L, 1L, 1L, 1L, 1L, 1L, 1L, 1L, 1L, 1L, 1L,
1L, 1L, 1L, 1L, 1L, 1L, 1L, 1L, 1L, 1L, 1L, 1L, 1L, 1L, 1L, 1L,
1L, 1L, 1L, 1L, 1L, 1L, 1L, 1L, 1L, 1L, 1L, 1L, 1L, 1L, 1L, 1L,
1L, 1L, 1L, 1L, 1L, 1L, 1L, 1L, 1L, 1L, 1L, 1L, 1L, 1L, 1L, 1L,
1L, 1L, 1L, 1L, 1L, 1L, 1L, 1L, 1L, 1L, 1L, 1L, 1L, 1L, 1L, 1L,
1L, 1L, 1L, 1L, 1L, 1L, 1L, 1L, 1L, 1L, 1L, 1L, 1L, 1L, 1L, 1L,
1L, 1L, 1L, 1L, 1L, 1L, 1L, 1L, 1L, 1L, 1L, 1L, 1L, 1L, 1L, 1L,
1L, 1L, 1L, 1L, 1L, 1L, 1L, 1L, 1L, 1L, 1L, 1L, 1L, 1L, 1L, 1L,
1L, 1L, 1L, 1L, 1L, 1L, 1L, 1L, 1L, 1L, 1L, 1L, 1L, 1L, 1L, 1L,
1L, 1L, 1L, 1L, 1L, 1L, 1L, 1L, 1L, 1L, 1L, 1L, 1L, 1L, 1L, 1L,
1L, 1L, 1L, 1L, 1L, 1L, 1L, 1L, 1L, 1L, 1L, 1L, 1L, 1L, 1L, 1L,
1L, 1L, 1L, 1L, 1L, 1L, 1L, 1L, 1L, 1L, 1L, 1L, 1L, 1L, 1L, 1L,
1L, 1L, 1L, 1L, 1L, 1L, 1L, 1L, 1L, 1L, 1L, 1L, 1L, 1L, 1L, 1L,
1L, 1L, 1L, 1L, 1L, 1L, 1L, 1L, 1L, 1L, 1L, 1L, 1L, 1L, 1L, 1L,
1L, 1L, 1L, 1L, 1L, 1L, 1L, 1L, 1L, 1L, 1L, 1L, 1L, 1L, 1L, 1L,
1L, 1L, 1L, 1L, 1L, 1L, 1L, 1L, 1L, 1L, 1L, 1L, 1L, 1L, 1L, 1L,
1L, 1L, 1L, 1L, 1L, 1L, 1L, 1L, 1L, 1L, 1L, 1L, 1L, 1L, 1L, 1L,
1L, 1L, 1L, 1L, 1L, 1L, 1L, 1L, 1L, 1L, 1L, 1L, 1L, 1L, 1L, 1L,
1L, 1L, 1L, 1L, 1L, 1L, 1L, 1L, 1L, 1L, 1L, 1L, 1L, 1L, 1L, 1L,
1L, 1L, 1L, 1L, 1L, 1L, 1L, 1L, 1L, 1L, 1L, 1L, 1L, 1L, 1L, 1L,
1L, 1L, 1L, 1L, 1L, 1L, 1L, 1L, 1L, 1L, 1L, 1L, 1L, 1L, 1L, 1L,
1L, 1L, 1L, 1L, 1L, 1L, 1L, 1L, 1L, 1L, 1L, 1L, 1L, 1L, 1L, 1L,
1L, 1L, 1L, 1L, 1L, 1L, 1L, 1L, 1L, 1L, 1L, 1L, 1L, 1L, 1L, 1L,
1L, 1L, 1L, 1L, 1L, 1L, 1L, 1L, 1L, 1L, 1L, 1L, 1L, 1L, 1L, 1L,
1L, 1L, 1L, 1L, 1L, 1L, 1L, 1L, 1L, 2L, 2L, 2L, 2L, 2L, 2L, 2L,
2L, 2L, 2L, 2L, 2L, 2L, 2L, 2L, 2L, 2L, 2L, 2L, 2L, 2L, 2L, 2L,
2L, 2L, 2L, 2L, 2L, 2L, 2L, 2L, 2L, 2L, 2L, 2L, 2L, 2L, 2L, 2L,
2L, 2L, 2L, 2L, 2L, 2L, 2L, 2L, 2L, 2L, 2L, 2L, 2L, 2L, 2L, 2L,
2L, 2L, 2L, 2L, 2L, 2L, 2L, 2L, 2L, 2L, 2L, 2L, 2L, 2L, 2L, 2L,
2L, 2L, 2L, 2L, 2L, 2L, 2L, 2L, 2L, 2L, 2L, 2L, 2L, 2L, 2L, 2L,
2L, 2L, 2L, 2L, 2L, 2L, 2L, 2L, 2L, 2L, 2L, 2L, 2L, 2L, 2L, 2L,
2L, 2L, 2L, 2L, 2L, 2L, 2L, 2L, 2L, 2L, 2L, 2L, 2L, 2L, 2L, 2L,
2L, 2L, 2L, 2L, 2L, 2L, 2L, 2L, 2L, 2L, 2L, 2L, 2L, 2L, 2L, 2L,
2L, 2L, 2L, 2L, 2L, 2L, 2L, 2L, 2L, 2L, 2L, 2L, 2L, 2L, 2L, 2L,
2L, 2L, 2L, 2L, 2L, 2L, 2L, 2L, 2L, 2L, 2L, 2L, 2L, 2L, 2L, 2L,
2L, 2L, 2L, 2L, 2L, 2L, 2L, 2L, 2L, 2L, 2L, 2L, 2L, 2L, 2L, 2L,
2L, 2L, 2L, 2L, 2L, 2L, 2L, 2L, 2L, 2L, 2L, 2L, 2L, 2L, 2L, 2L,
2L, 2L, 2L, 2L, 2L, 2L, 2L, 2L, 2L, 2L, 2L, 2L, 2L, 2L, 2L, 2L,
2L, 2L, 2L, 2L, 2L, 2L, 2L, 2L, 2L, 2L, 2L, 2L, 2L, 2L, 2L, 2L,
2L, 2L, 2L, 2L, 2L, 2L, 2L, 2L, 2L, 2L, 2L, 2L, 2L, 2L, 2L, 2L,
2L, 2L, 2L, 2L, 2L, 2L, 2L, 2L, 2L, 2L, 2L, 2L, 2L, 2L, 2L, 2L,
2L, 2L, 2L, 2L, 2L, 2L, 2L, 2L, 2L, 2L, 2L, 2L, 2L, 2L), .Label = c("male",
"female"), class = "factor", label = "Gender"), age = structure(c(19L,
48L, 20L, 46L, 24L, 22L, 20L, 23L, 24L, 24L, 22L, 45L, 23L, 21L,
32L, 22L, 23L, 22L, 29L, 50L, 23L, 20L, 22L, 17L, 22L, 20L, 19L,
16L, 28L, 21L, 21L, 21L, 21L, 24L, 31L, 20L, 18L, 25L, 22L, 21L,
18L, 26L, 45L, 43L, 22L, 26L, 23L, 21L, 22L, 19L, 25L, 24L, 20L,
23L, 37L, 21L, 23L, 29L, 31L, 28L, 30L, 26L, 18L, 26L, 37L, 25L,
44L, 17L, 21L, 27L, 30L, 21L, 21L, 48L, 21L, 30L, 22L, 25L, 19L,
22L, 19L, 20L, 30L, 58L, 32L, 31L, 31L, 20L, 20L, 19L, 54L, 18L,
28L, 18L, 19L, 19L, 17L, 24L, 19L, 20L, 28L, 16L, 20L, 24L, 26L,
18L, 31L, 24L, 20L, 18L, 21L, 29L, 22L, 48L, 25L, 20L, 20L, 20L,
49L, 26L, 20L, 16L, 21L, 18L, 19L, 18L, 21L, 17L, 25L, 22L, 24L,
21L, 24L, 24L, 19L, 23L, 22L, 20L, 25L, 22L, 30L, 37L, 22L, 27L,
20L, 53L, 20L, 25L, 25L, 24L, 20L, 26L, 20L, 23L, 52L, 21L, 27L,
24L, 24L, 25L, 21L, 18L, 23L, 17L, 22L, 25L, 25L, 27L, 21L, 25L,
34L, 19L, 22L, 21L, 22L, 30L, 23L, 24L, 21L, 23L, 26L, 22L, 21L,
24L, 21L, 28L, 24L, 26L, 24L, 30L, 24L, 27L, 23L, 18L, 23L, 17L,
33L, 23L, 20L, 20L, 20L, 22L, 32L, 18L, 20L, 28L, 21L, 20L, 16L,
29L, 24L, 18L, 25L, 28L, 21L, 23L, 23L, 19L, 28L, 20L, 22L, 31L,
20L, 16L, 29L, 22L, 17L, 23L, 31L, 17L, 35L, 33L, 23L, 31L, 25L,
26L, 26L, 26L, 43L, 20L, 23L, 22L, 24L, 27L, 21L, 24L, 25L, 20L,
28L, 30L, 33L, 18L, 17L, 22L, 32L, 19L, 21L, 24L, 21L, 20L, 22L,
28L, 34L, 23L, 22L, 23L, 20L, 37L, 16L, 21L, 24L, 19L, 21L, 20L,
22L, 36L, 33L, 26L, 21L, 19L, 24L, 30L, 22L, 16L, 24L, 22L, 38L,
19L, 41L, 18L, 18L, 19L, 20L, 28L, 23L, 23L, 23L, 31L, 29L, 19L,
23L, 25L, 21L, 21L, 18L, 21L, 25L, 17L, 24L, 19L, 30L, 21L, 23L,
27L, 17L, 33L, 22L, 21L, 32L, 26L, 27L, 18L, 19L, 33L, 33L, 29L,
19L, 19L, 21L, 21L, 17L, 24L, 16L, 17L, 28L, 23L, 28L, 50L, 16L,
18L, 22L, 21L, 22L, 16L, 18L, 23L, 22L, 31L, 19L, 20L, 44L, 27L,
17L, 28L, 24L, 25L, 20L, 22L, 24L, 25L, 20L, 18L, 29L, 26L, 23L,
24L, 35L, 19L, 22L, 24L, 24L, 27L, 17L, 24L, 23L, 17L, 22L, 22L,
25L, 27L, 22L, 26L, 26L, 26L, 24L, 21L, 45L, 18L, 25L, 29L, 31L,
36L, 20L, 22L, 28L, 18L, 18L, 24L, 24L, 20L, 17L, 23L, 21L, 26L,
17L, 33L, 29L, 34L, 42L, 20L, 32L, 16L, 24L, 29L, 37L, 23L, 24L,
22L, 25L, 40L, 17L, 16L, 25L, 33L, 18L, 17L, 18L, 29L, 23L, 24L,
21L, 18L, 43L, 30L, 22L, 25L, 24L, 25L, 38L, 22L, 19L, 22L, 22L,
27L, 26L, 22L, 25L, 23L, 20L, 50L, 46L, 41L, 21L, 28L, 22L, 26L,
42L, 16L, 20L, 17L, 26L, 26L, 18L, 24L, 29L, 20L, 26L, 29L, 25L,
20L, 20L, 20L, 20L, 21L, 20L, 21L, 20L, 21L, 20L, 20L, 20L, 20L,
28L, 29L, 20L, 23L, 21L, 33L, 24L, 26L, 28L, 22L, 22L, 33L, 17L,
26L, 37L, 30L, 23L, 20L, 36L, 25L, 20L, 23L, 21L, 17L, 20L, 29L,
30L, 21L, 20L, 26L, 25L, 21L, 33L, 38L, 25L, 29L, 22L, 38L, 27L,
19L, 21L, 31L, 24L, 19L, 28L, 21L, 45L, 23L, 27L, 32L, 26L, 56L,
20L, 24L, 25L, 18L, 26L, 24L, 22L, 23L, 30L, 44L, 18L, 50L, 21L,
27L, 20L, 22L, 20L, 23L, 20L, 24L, 24L, 25L, 20L, 23L, 25L, 24L,
21L, 30L, 22L, 25L, 22L, 19L, 23L, 26L, 20L, 21L, 22L, 26L, 24L,
23L, 16L, 24L, 23L, 26L, 26L, 26L, 18L, 16L, 16L, 26L, 26L, 21L,
20L, 20L, 20L, 19L, 19L, 20L, 19L, 20L, 20L, 18L, 20L, 22L, 19L,
21L, 21L, 22L, 21L, 22L, 21L, 19L, 19L, 26L, 28L, 25L, 27L, 25L,
34L, 28L, 20L, 20L, 23L, 27L, 24L, 26L, 37L, 43L, 22L, 19L, 25L,
21L, 25L, 39L, 27L, 24L, 21L, 24L, 21L, 16L, 20L, 25L, 28L, 23L,
21L, 29L, 52L, 48L, 27L, 23L, 19L, 22L, 16L, 26L, 23L, 24L, 32L,
23L, 21L, 25L, 21L, 31L, 50L, 19L, 28L, 21L, 19L, 22L, 27L, 24L,
21L, 27L, 24L, 16L, 24L, 24L, 23L, 22L, 22L, 22L, 32L, 25L, 24L,
21L, 29L, 24L, 21L, 18L, 33L, 35L, 21L, 21L, 23L, 20L, 28L, 22L,
26L, 34L, 21L, 24L, 18L, 19L, 21L, 21L, 23L, 20L, 22L, 27L, 17L,
40L, 29L, 23L, 27L, 20L, 26L), label = "Age"),