## get data from dput
ius2008 <- structure(list(gender = structure(c(1L, 1L, 1L, 1L, 1L, 1L, 1L,
1L, 1L, 1L, 1L, 1L, 1L, 1L, 1L, 1L, 1L, 1L, 1L, 1L, 1L, 1L, 1L,
1L, 1L, 1L, 1L, 1L, 1L, 1L, 1L, 1L, 1L, 1L, 1L, 1L, 1L, 1L, 1L,
1L, 1L, 1L, 1L, 1L, 1L, 1L, 1L, 1L, 1L, 1L, 1L, 1L, 1L, 1L, 1L,
1L, 1L, 1L, 1L, 1L, 1L, 1L, 1L, 1L, 1L, 1L, 1L, 1L, 1L, 1L, 1L,
1L, 1L, 1L, 1L, 1L, 1L, 1L, 1L, 1L, 1L, 1L, 1L, 1L, 1L, 1L, 1L,
1L, 1L, 1L, 1L, 1L, 1L, 1L, 1L, 1L, 1L, 1L, 1L, 1L, 1L, 1L, 1L,
1L, 1L, 1L, 1L, 1L, 1L, 1L, 1L, 1L, 1L, 1L, 1L, 1L, 1L, 1L, 1L,
1L, 1L, 1L, 1L, 1L, 1L, 1L, 1L, 1L, 1L, 1L, 1L, 1L, 1L, 1L, 1L,
1L, 1L, 1L, 1L, 1L, 1L, 1L, 1L, 1L, 1L, 1L, 1L, 1L, 1L, 1L, 1L,
1L, 1L, 1L, 1L, 1L, 1L, 1L, 1L, 1L, 1L, 1L, 1L, 1L, 1L, 1L, 1L,
1L, 1L, 1L, 1L, 1L, 1L, 1L, 1L, 1L, 1L, 1L, 1L, 1L, 1L, 1L, 1L,
1L, 1L, 1L, 1L, 1L, 1L, 1L, 1L, 1L, 1L, 1L, 1L, 1L, 1L, 1L, 1L,
1L, 1L, 1L, 1L, 1L, 1L, 1L, 1L, 1L, 1L, 1L, 1L, 1L, 1L, 1L, 1L,
1L, 1L, 1L, 1L, 1L, 1L, 1L, 1L, 1L, 1L, 1L, 1L, 1L, 1L, 1L, 1L,
1L, 1L, 1L, 1L, 1L, 1L, 1L, 1L, 1L, 1L, 1L, 1L, 1L, 1L, 1L, 1L,
1L, 1L, 1L, 1L, 1L, 1L, 1L, 1L, 1L, 1L, 1L, 1L, 1L, 1L, 1L, 1L,
1L, 1L, 1L, 1L, 1L, 1L, 1L, 1L, 1L, 1L, 1L, 1L, 1L, 1L, 1L, 1L,
1L, 1L, 1L, 1L, 1L, 1L, 1L, 1L, 1L, 1L, 1L, 1L, 1L, 1L, 1L, 1L,
1L, 1L, 1L, 1L, 1L, 1L, 1L, 1L, 1L, 1L, 1L, 1L, 1L, 1L, 1L, 1L,
1L, 1L, 1L, 1L, 1L, 1L, 1L, 1L, 1L, 1L, 1L, 1L, 1L, 1L, 1L, 1L,
1L, 1L, 1L, 1L, 1L, 1L, 1L, 1L, 1L, 1L, 1L, 1L, 1L, 1L, 1L, 1L,
1L, 1L, 1L, 1L, 1L, 1L, 1L, 1L, 1L, 1L, 1L, 1L, 1L, 1L, 1L, 1L,
1L, 1L, 1L, 1L, 1L, 1L, 1L, 1L, 1L, 1L, 1L, 1L, 1L, 1L, 1L, 1L,
1L, 1L, 1L, 1L, 1L, 1L, 1L, 1L, 1L, 1L, 1L, 1L, 1L, 1L, 1L, 1L,
1L, 1L, 1L, 1L, 1L, 1L, 1L, 1L, 1L, 1L, 1L, 1L, 1L, 1L, 1L, 1L,
1L, 1L, 1L, 1L, 1L, 1L, 1L, 1L, 1L, 1L, 1L, 1L, 1L, 1L, 1L, 1L,
1L, 1L, 1L, 1L, 1L, 1L, 1L, 1L, 1L, 2L, 2L, 2L, 2L, 2L, 2L, 2L,
2L, 2L, 2L, 2L, 2L, 2L, 2L, 2L, 2L, 2L, 2L, 2L, 2L, 2L, 2L, 2L,
2L, 2L, 2L, 2L, 2L, 2L, 2L, 2L, 2L, 2L, 2L, 2L, 2L, 2L, 2L, 2L,
2L, 2L, 2L, 2L, 2L, 2L, 2L, 2L, 2L, 2L, 2L, 2L, 2L, 2L, 2L, 2L,
2L, 2L, 2L, 2L, 2L, 2L, 2L, 2L, 2L, 2L, 2L, 2L, 2L, 2L, 2L, 2L,
2L, 2L, 2L, 2L, 2L, 2L, 2L, 2L, 2L, 2L, 2L, 2L, 2L, 2L, 2L, 2L,
2L, 2L, 2L, 2L, 2L, 2L, 2L, 2L, 2L, 2L, 2L, 2L, 2L, 2L, 2L, 2L,
2L, 2L, 2L, 2L, 2L, 2L, 2L, 2L, 2L, 2L, 2L, 2L, 2L, 2L, 2L, 2L,
2L, 2L, 2L, 2L, 2L, 2L, 2L, 2L, 2L, 2L, 2L, 2L, 2L, 2L, 2L, 2L,
2L, 2L, 2L, 2L, 2L, 2L, 2L, 2L, 2L, 2L, 2L, 2L, 2L, 2L, 2L, 2L,
2L, 2L, 2L, 2L, 2L, 2L, 2L, 2L, 2L, 2L, 2L, 2L, 2L, 2L, 2L, 2L,
2L, 2L, 2L, 2L, 2L, 2L, 2L, 2L, 2L, 2L, 2L, 2L, 2L, 2L, 2L, 2L,
2L, 2L, 2L, 2L, 2L, 2L, 2L, 2L, 2L, 2L, 2L, 2L, 2L, 2L, 2L, 2L,
2L, 2L, 2L, 2L, 2L, 2L, 2L, 2L, 2L, 2L, 2L, 2L, 2L, 2L, 2L, 2L,
2L, 2L, 2L, 2L, 2L, 2L, 2L, 2L, 2L, 2L, 2L, 2L, 2L, 2L, 2L, 2L,
2L, 2L, 2L, 2L, 2L, 2L, 2L, 2L, 2L, 2L, 2L, 2L, 2L, 2L, 2L, 2L,
2L, 2L, 2L, 2L, 2L, 2L, 2L, 2L, 2L, 2L, 2L, 2L, 2L, 2L, 2L, 2L,
2L, 2L, 2L, 2L, 2L, 2L, 2L, 2L, 2L, 2L, 2L, 2L, 2L, 2L), .Label = c("male",
"female"), class = "factor", label = "Gender"), age = structure(c(19,
48, 20, 46, 24, 22, 20, 23, 24, 24, 22, 45, 23, 21, 32, 22, 23,
22, 29, 50, 23, 20, 22, 17, 22, 20, 19, 16, 28, 21, 21, 21, 21,
24, 31, 20, 18, 25, 22, 21, 18, 26, 45, 43, 22, 26, 23, 21, 22,
19, 25, 24, 20, 23, 37, 21, 23, 29, 31, 28, 30, 26, 18, 26, 37,
25, 44, 17, 21, 27, 30, 21, 21, 48, 21, 30, 22, 25, 19, 22, 19,
20, 30, 58, 32, 31, 31, 20, 20, 19, 54, 18, 28, 18, 19, 19, 17,
24, 19, 20, 28, 16, 20, 24, 26, 18, 31, 24, 20, 18, 21, 29, 22,
48, 25, 20, 20, 20, 49, 26, 20, 16, 21, 18, 19, 18, 21, 17, 25,
22, 24, 21, 24, 24, 19, 23, 22, 20, 25, 22, 30, 37, 22, 27, 20,
53, 20, 25, 25, 24, 20, 26, 20, 23, 52, 21, 27, 24, 24, 25, 21,
18, 23, 17, 22, 25, 25, 27, 21, 25, 34, 19, 22, 21, 22, 30, 23,
24, 21, 23, 26, 22, 21, 24, 21, 28, 24, 26, 24, 30, 24, 27, 23,
18, 23, 17, 33, 23, 20, 20, 20, 22, 32, 18, 20, 28, 21, 20, 16,
29, 24, 18, 25, 28, 21, 23, 23, 19, 28, 20, 22, 31, 20, 16, 29,
22, 17, 23, 31, 17, 35, 33, 23, 31, 25, 26, 26, 26, 43, 20, 23,
22, 24, 27, 21, 24, 25, 20, 28, 30, 33, 18, 17, 22, 32, 19, 21,
24, 21, 20, 22, 28, 34, 23, 22, 23, 20, 37, 16, 21, 24, 19, 21,
20, 22, 36, 33, 26, 21, 19, 24, 30, 22, 16, 24, 22, 38, 19, 41,
18, 18, 19, 20, 28, 23, 23, 23, 31, 29, 19, 23, 25, 21, 21, 18,
21, 25, 17, 24, 19, 30, 21, 23, 27, 17, 33, 22, 21, 32, 26, 27,
18, 19, 33, 33, 29, 19, 19, 21, 21, 17, 24, 16, 17, 28, 23, 28,
50, 16, 18, 22, 21, 22, 16, 18, 23, 22, 31, 19, 20, 44, 27, 17,
28, 24, 25, 20, 22, 24, 25, 20, 18, 29, 26, 23, 24, 35, 19, 22,
24, 24, 27, 17, 24, 23, 17, 22, 22, 25, 27, 22, 26, 26, 26, 24,
21, 45, 18, 25, 29, 31, 36, 20, 22, 28, 18, 18, 24, 24, 20, 17,
23, 21, 26, 17, 33, 29, 34, 42, 20, 32, 16, 24, 29, 37, 23, 24,
22, 25, 40, 17, 16, 25, 33, 18, 17, 18, 29, 23, 24, 21, 18, 43,
30, 22, 25, 24, 25, 38, 22, 19, 22, 22, 27, 26, 22, 25, 23, 20,
50, 46, 41, 21, 28, 22, 26, 42, 16, 20, 17, 26, 26, 18, 24, 29,
20, 26, 29, 25, 20, 20, 20, 20, 21, 20, 21, 20, 21, 20, 20, 20,
20, 28, 29, 20, 23, 21, 33, 24, 26, 28, 22, 22, 33, 17, 26, 37,
30, 23, 20, 36, 25, 20, 23, 21, 17, 20, 29, 30, 21, 20, 26, 25,
21, 33, 38, 25, 29, 22, 38, 27, 19, 21, 31, 24, 19, 28, 21, 45,
23, 27, 32, 26, 56, 20, 24, 25, 18, 26, 24, 22, 23, 30, 44, 18,
50, 21, 27, 20, 22, 20, 23, 20, 24, 24, 25, 20, 23, 25, 24, 21,
30, 22, 25, 22, 19, 23, 26, 20, 21, 22, 26, 24, 23, 16, 24, 23,
26, 26, 26, 18, 16, 16, 26, 26, 21, 20, 20, 20, 19, 19, 20, 19,
20, 20, 18, 20, 22, 19, 21, 21, 22, 21, 22, 21, 19, 19, 26, 28,
25, 27, 25, 34, 28, 20, 20, 23, 27, 24, 26, 37, 43, 22, 19, 25,
21, 25, 39, 27, 24, 21, 24, 21, 16, 20, 25, 28, 23, 21, 29, 52,
48, 27, 23, 19, 22, 16, 26, 23, 24, 32, 23, 21, 25, 21, 31, 50,
19, 28, 21, 19, 22, 27, 24, 21, 27, 24, 16, 24, 24, 23, 22, 22,
22, 32, 25, 24, 21, 29, 24, 21, 18, 33, 35, 21, 21, 23, 20, 28,
22, 26, 34, 21, 24, 18, 19, 21, 21, 23, 20, 22, 27, 17, 40, 29,
23, 27, 20, 26), label = "Age"),